{
  "q_home": [
    0.0005366381688540041,
    -0.06843289135941308,
    0.03611467494352385,
    0.009810236324117759
  ],
  "joint_angle_signs": [
    -1.0,
    -1.0,
    -1.0,
    -1.0
  ],
  "joints": [
    {
      "name": "base",
      "axis": [
        0.036630484697001704,
        0.007196628128357442,
        0.99930296513846
      ],
      "pivot": [
        -2.46501437740535,
        0.0074092001121760145,
        1.3537259545425036
      ]
    },
    {
      "name": "shoulder",
      "axis": [
        -0.0015243400341384361,
        0.9999733081838257,
        -0.0071455795666761635
      ],
      "pivot": [
        -2.4504973156305208,
        0.010261298339693463,
        1.7497601776570118
      ]
    },
    {
      "name": "biceps",
      "axis": [
        0.0015243428363571915,
        -0.9999733081839474,
        0.007145578949995013
      ],
      "pivot": [
        0.07549194703182938,
        0.012208154893827683,
        1.4833493697299016
      ]
    },
    {
      "name": "elbow",
      "axis": [
        0.0015275007407081524,
        -0.9999733107302505,
        0.007144548178840804
      ],
      "pivot": [
        2.3386818629411783,
        0.05145708671648236,
        1.1613601875358543
      ]
    }
  ],
  "links": [
    {
      "name": "shoulder",
      "k": 0,
      "H": [
        -0.0015243395143462735,
        0.9993277160070845,
        -0.03663048469700156,
        -2.46501437740535,
        0.9999733081854004,
        0.0012615309575305655,
        -0.007196628128357349,
        0.0074092001121760145,
        -0.007145579460029491,
        -0.03664047706752103,
        -0.9993029651384233,
        1.3537259545425036,
        0.0,
        0.0,
        0.0,
        1.0
      ],
      "box_center": [
        0.0,
        0.0,
        -0.21085599064826965
      ],
      "box_half": [
        0.297179988026619,
        0.29634839594364165,
        0.4183703988790512
      ]
    },
    {
      "name": "biceps",
      "k": 1,
      "H": [
        -0.1048782676382517,
        0.994483898997188,
        0.0015243400341379881,
        -2.450497315630521,
        -0.007266046586379784,
        0.000766476932345217,
        -0.9999733081838261,
        0.010261298339693343,
        -0.9944585227872471,
        -0.10488654417250766,
        0.007145579566662841,
        1.7497601776570118,
        0.0,
        0.0,
        0.0,
        1.0
      ],
      "box_center": [
        0.0,
        1.2318999469280243,
        0.0
      ],
      "box_half": [
        0.22714560627937316,
        1.3373099595308304,
        0.034290000423789026
      ]
    },
    {
      "name": "elbow",
      "k": 2,
      "H": [
        0.9900486106010313,
        -0.0015243428363566742,
        0.14071753631231773,
        0.07549194703182938,
        0.0005036261294982911,
        0.9999733081839284,
        0.007288983491222009,
        0.012208154893827322,
        -0.14072489121549497,
        -0.007145578950012973,
        0.9900229521045358,
        1.4833493697299016,
        0.0,
        0.0,
        0.0,
        1.0
      ],
      "box_center": [
        1.1430000588297844,
        0.0,
        0.0
      ],
      "box_half": [
        1.2115800507366659,
        0.12572999596595766,
        0.18170460015535356
      ]
    },
    {
      "name": "wrist",
      "k": 3,
      "H": [
        0.988625860204269,
        0.1503881115909324,
        0.001524607317647119,
        2.338737022192763,
        0.00043270411430877014,
        0.0072930242955266955,
        -0.9999733119257581,
        0.013359534672028519,
        -0.15039521702005426,
        0.9886001353877782,
        0.007144998863027219,
        1.1616121004684137,
        0.0,
        0.0,
        0.0,
        1.0
      ],
      "box_center": [
        0.22224999219179153,
        0.0,
        0.0
      ],
      "box_half": [
        0.3028949908912182,
        0.10286999791860581,
        0.06858000084757805
      ]
    },
    {
      "name": "endoffactor",
      "k": 3,
      "H": [
        0.15042322086871684,
        0.0015275007407078386,
        0.9886205143354962,
        2.8409592820018315,
        0.0072930293606370085,
        -0.9999733107302452,
        0.00043537333109129074,
        0.013579273229871527,
        0.9885947938089896,
        0.007144548178833704,
        -0.15043034629053698,
        1.0852137789058742,
        0.0,
        0.0,
        0.0,
        1.0
      ],
      "box_center": [
        0.0,
        0.0,
        0.05079999938607216
      ],
      "box_half": [
        0.06858000084757805,
        0.18287999778985978,
        0.045719999447464944
      ]
    },
    {
      "name": "finger_1",
      "k": 3,
      "H": [
        -0.0015241465828177425,
        0.9886211916842675,
        -0.15041880311307157,
        2.9412558323503473,
        0.9999733077778123,
        0.0004319201147426899,
        -0.00729363948322757,
        0.11042092104491759,
        -0.007145677650923526,
        -0.15042590467665262,
        -0.9885954614973304,
        1.069238975736386,
        0.0,
        0.0,
        0.0,
        1.0
      ],
      "box_center": [
        -0.12700000405311584,
        0.17779999785125256,
        0.0
      ],
      "box_half": [
        0.11430000364780427,
        0.20573999751359226,
        0.022859999723732472
      ]
    },
    {
      "name": "finger_2",
      "k": 3,
      "H": [
        0.0015239851741930543,
        0.9886212154056391,
        0.15041864884074513,
        2.9415507383510433,
        -0.9999733167610235,
        0.0004319456304406888,
        0.007292406251690368,
        -0.08316199817023091,
        0.007144454853674946,
        -0.1504257487030026,
        0.988595494068228,
        1.070622500743006,
        0.0,
        0.0,
        0.0,
        1.0
      ],
      "box_center": [
        -0.12700000405311584,
        0.17779999785125256,
        0.0
      ],
      "box_half": [
        0.11430000364780427,
        0.20573999751359226,
        0.022859999723732472
      ]
    }
  ],
  "ee": {
    "link": "endoffactor",
    "local": [
      1.332480612958875e-06,
      -5.584900690506003e-06,
      0.2064154112910357
    ]
  },
  "base_to_world": [
    0.9993267688169654,
    0.002060616702936168,
    -0.03663008305480936,
    -2.4715072716998283,
    0.001798157487520884,
    -0.999972487205835,
    -0.007196628448540597,
    0.006133570860993027,
    -0.036643904751659906,
    0.007125916795742968,
    -0.999302979858647,
    1.176595837737162,
    0.0,
    0.0,
    0.0,
    1.0
  ],
  "vehicle_boxes": [
    {
      "center": [
        -2.0466356974291102,
        0.0026886034077616694,
        0.5589230935966565
      ],
      "half": [
        2.4802757247610767,
        1.2859562292903335,
        0.7288738289642771
      ]
    }
  ],
  "ground_z": 0.0,
  "joint_limits_lo": [
    -3.141592653589793,
    -1.5707963267948966,
    -1.5707963267948966,
    -1.5707963267948966
  ],
  "joint_limits_hi": [
    3.141592653589793,
    1.5707963267948966,
    1.5707963267948966,
    1.5707963267948966
  ],
  "dq_max": [
    0.05,
    0.04,
    0.04,
    0.04
  ],
  "validation": {
    "max_link_err_m": 8.071721160385906e-05,
    "max_ee_err_m": 6.98730559447588e-05,
    "max_ee_base_err_m": 6.620972110773275e-05
  }
}